Threshold 18   
Day  	Logins              	Time Online         	Emails sent         	Emails opened       	Emails deleted      	Total Anomally      	Status              
1    	1.3717421124828533  	3.597600000000001   	0.9440813362381991  	0.8622813500862283  	1.7447199265381081  	8.52042472534539    	Okay                
2    	1.3717421124828533  	3.1572              	0.617283950617284   	0.6405518600640553  	1.7447199265381081  	7.5314978497023     	Okay                
3    	2.3319615912208502  	0.3839999999999987  	1.343500363108206   	1.1332840601133283  	2.3875114784205698  	7.580257492862953   	Okay                
4    	2.3319615912208502  	2.9772000000000003  	1.016702977487291   	1.1332840601133283  	2.3875114784205698  	9.84666010724204    	Okay                
5    	2.3319615912208502  	0.4296000000000015  	1.016702977487291   	1.1332840601133283  	2.3875114784205698  	7.299060107242041   	Okay                
6    	2.606310013717421   	4.253999999999999   	1.2708787218591142  	1.3057403301305741  	2.571166207529844   	12.008095273236952  	Okay                
7    	1.3717421124828533  	4.3956              	0.617283950617284   	0.6405518600640553  	0.9182736455463725  	7.9434515687105645  	Okay                
8    	1.3717421124828533  	0.9696000000000015  	0.617283950617284   	0.6405518600640553  	0.9182736455463725  	4.517451568710566   	Okay                
9    	1.0973936899862824  	1.238399999999999   	0.689905591866376   	0.6898250800689825  	0.7346189164370986  	4.4501432783587385  	Okay                
